-0.089411765
0.040588235
0.048588235
0.042588235
0.007588235
0.082588235
-0.117411765
-0.160411765
-0.125411765
-0.049411765
-0.021411765
-0.054411765
-0.213411765
-0.126411765
-0.088411765
0.201588235
0.046588235
-0.025411765
0.171588235
0.070588235
-0.014411765
0.018588235
0.047588235
0.024588235
-0.085411765
0.010588235
-0.001411765
0.296588235
0.329588235
0.063588235
0.052588235
0.100588235
0.046588235
-0.015411765
-0.138411765
-0.134411765
-0.133411765
-0.194411765
-0.008411765
0.107588235
-0.143411765
-0.040411765
-0.160411765
-0.115411765
-0.078411765
-0.006411765
0.132588235
0.159588235
-0.026411765
0.079588235
0.185588235
0.100588235
-0.050411765
-0.154411765
-0.210411765
-0.071411765
0.047588235
-0.144411765
-0.191411765
-0.200411765
-0.181411765
-0.178411765
-0.077411765
-0.084411765
0.075588235
0.147588235
-0.082411765
-0.219411765
-0.079411765
-0.020411765
0.054588235
0.091588235
0.006588235
0.054588235
0.039588235
0.067588235
0.190588235
0.120588235
0.114588235
-0.036411765
0.193588235
0.217588235
0.172588235
0.039588235
0.184588235
0.147588235
0.201588235
0.342588235
0.327588235
0.333588235
0.441588235
0.318588235
0.260588235
0.298588235
0.410588235
0.315588235
0.191588235
0.255588235
0.192588235
0.164588235
0.094588235
0.257588235
0.347588235
0.413588235
0.207588235
0.133588235
0.067588235
0.299588235
0.317588235
0.293588235
0.227588235
0.320588235
0.262588235
0.312588235
0.046588235
0.154588235
0.214588235
0.222588235
0.165588235
0.306588235
0.260588235
0.147588235
0.273588235
0.408588235
0.177588235
0.244588235
0.163588235
0.479588235
0.361588235
0.442588235
0.582588235
0.614588235
0.408588235
0.584588235
0.418588235
0.397588235
0.492588235
0.596588235
0.642588235
0.525588235
0.723588235
0.708588235
0.512588235
0.550588235
0.608588235
0.773588235
0.654588235
0.789588235
0.934588235
0.695588235
0.689588235
0.838588235
0.923588235
0.909588235
0.831588235
0.998588235