0.01555
0.00355
0.00355
-0.00345
0.02055
-0.00945
0.01255
0.00355
0.01155
-0.01645
0.00255
0.02555
-0.01045
-0.01245
-0.00045
-0.02045
-0.01245
-0.00245
-0.00245
0.01155
-0.00445
-0.00945
0.00555
-0.00045
0.00655
0.01455
0.00755
-0.01845
0.01155
0.01655
0.02355
-0.00645
-0.00245
0.01655
0.01455
0.02455
0.01155
0.00855
0.00555
-0.00845
0.01855
-0.00045
-0.00145
0.00655
-0.00545
0.00355
0.01955
0.00855
-0.03145
-0.00845
0.00155
-0.01745
-0.00145
0.01955
-0.01045
0.00255
-0.00345
-0.00445
-0.01145
0.02255
-0.01345
-0.01245
-0.00545
-0.02045
-0.01045
-0.00945
-0.02945
-0.02145
-0.01145
-0.03545
-0.02445
0.01155
0.00655
-0.02245
-0.01845
-0.01745
-0.00545
0.00355
-0.01445
-0.00645
-0.01945
-0.02145
-0.01445
-0.00245
-0.00645
-0.01145
-0.02145
-0.00445
0.00355
-0.01345
-0.00445
0.01355
-0.02545
-0.00845
-0.00345
-0.03145
-0.01845
0.00255
-0.00845
-0.00445
-0.00645
0.01555
0.00555
0.00355
0.00855
-0.00345