0.018831571
0.115528404
0.145643904
0.096557571
0.124614321
0.093321987
0.040309404
-0.025378263
0.025549571
0.102295071
-0.034774763
-0.079773013
-0.149754263
-0.084351263
-0.060116596
0.125286904
0.054429904
-0.038074013
0.043502987
0.092056321
-0.009990429
-0.004318013
0.006601404
0.000651154
-0.061566763
-0.042811013
-0.066025596
0.244206487
0.273067487
-0.003882596
-0.021705679
0.073043987
-0.009670346
-0.009841429
-0.111147846
-0.065982513
-0.101481846
-0.181091429
0.043450237
0.109034071
-0.146402513
-0.067254513
-0.154180763
-0.158227013
-0.165872846
-0.062548846
0.040307904
0.048821487
-0.094186846
0.004593654
0.088705237
0.045674904
-0.046927179
-0.163458513
-0.221318679
-0.098201346
-0.007450596
-0.179304263
-0.220593929
-0.214215429
-0.178121346
-0.202009013
-0.135403346
-0.112106846
0.049328571
0.096970404
-0.118076096
-0.250483596
-0.156980429
-0.030092429
-0.013199679
0.015185654
-0.058231429
-0.052647513
-0.044447179
-0.016670846
0.098133071
0.003074571
0.017190987
-0.129817263
0.066806654
0.123250904
0.061333237
-0.067633013
0.071484654
0.040699404
0.078258571
0.168172737
0.183986654
0.192334154
0.327947737
0.382278404
0.248492571
0.256266571
0.379864487
0.305609904
0.166952737
0.169675987
0.135053737
0.129091987
0.044888154
0.157741987
0.217743737
0.274761904
0.097876821
0.044942404
0.006718404
0.229160987
0.260563154
0.252399487
0.163865321
0.249591071
0.214232571
0.230996237
-0.007210929
0.090622404
0.136762737
0.167309071
0.123527904
0.264108904
0.210877404
0.092917571
0.228865571
0.343533654
0.125978654
0.168468237
0.112769237
0.371010237
0.286945737
0.362087987
0.460508737
0.503120571
0.326995821
0.494105154
0.342318071
0.318082487
0.391777571
0.500717571
0.551943904
0.432231571
0.591606071
0.577637821
0.405707654
0.430222987
0.490150404
0.631815487
0.516130571
0.649185237
0.782040071
0.572535904
0.574870404
0.699653487
0.765558321
0.772205071
0.708152154
0.838668654