0.00208325
0.00526725
-0.00020475
-0.03085775
-0.03097275
-0.02500875
-0.01611375
-0.00165575
0.00921725
-0.00854275
0.01190625
0.01071225
-0.00309575
0.00447825
0.01117925
-0.00050075
0.00590925
0.01615525
0.01823125
-0.00599275
0.02988925
0.00594725
0.00536025
0.00480625
0.01318925
0.03186125
0.02183625
-0.00251875
0.01029225
0.02050525
0.01446925
0.01072425
0.00975925
0.02071525
0.04173425
0.00724725
-0.01216475
0.00447025
0.00939725
0.01885425
0.03492525
0.03015725
0.00684525
0.01555225
0.00486125
0.02013625
0.00793325
0.00962625
0.02947925
0.01096325
0.01552725
0.02373825
0.00537125
-0.00069075
0.02193125
0.03416325
0.00765625
0.00667025
0.01192325
0.02283225
0.00901725
-0.00735075
0.02125325
0.01760625
-0.00897175
-0.00142675
0.00151725
-0.00068975
0.01030925
0.01337025
0.01598225
0.00899725
0.02696125
0.00478725
0.01328425
0.03732525
0.00966425
0.00614625
0.02811525
0.01825925
0.02409725
0.03934525
0.01467325
0.00481025
0.00835025
0.02807925
0.01138125
0.01566125
0.02482825
0.03653525
0.02613525
0.03983525
-0.00654275
0.01142825
0.01181525
0.02561725
0.06009625
0.05649525
0.04103925
0.03314425
0.04286625
0.04930625
0.05859425
0.06558625
0.05186625
0.04288825