-0.0106228
0.0043622
0.0236682
-0.0130028
-0.0160918
-0.0270818
-0.0063908
0.0125472
0.0055412
-0.0075208
-0.0003308
0.0154752
0.0092192
0.0103612
0.0120732
-0.0054978
-0.0047568
-0.0126098
-0.0074218
-0.0017418
0.0091992
-0.0026968
0.0192692
-0.0090468
-0.0001898
0.0048922
0.0247712
0.0079132
0.0063742
-0.0013348
-0.0170528
0.0022662
0.0475252
0.0179542
-0.0023198
0.0022362
0.0232152
0.0103092
-0.0013368
0.0112672
-0.0039748
0.0112772
0.0243622
0.0223062
0.0085102
0.0057712
0.0146642
0.0326502
0.0057792
0.0045112
-0.0031268
0.0009852
0.0238702
0.0143692
0.0261382
-0.0019268
-0.0052158
-0.0026348
0.0038172
-0.0021668
0.0168792
0.0178362
0.0150052
0.0092572
-0.0191288
-0.0221498
0.0030472
0.0128082
0.0052452
-0.0033798
0.0082372
-0.0034358
0.0054002
0.0241262
0.0320982
0.0056012
0.0014972
0.0313002
-0.0003898
0.0083622
0.0117712
0.0310252
0.0188292
-0.0118458
0.0140392
0.0142802
-0.0057208
0.0115912
0.0172472
0.0183382
0.0276932
0.0260962
-0.0010418
0.0129522
0.0144372
0.0059132
0.0207192
0.0308082
0.0377392
0.0209402
0.0363142
0.0427762
0.0358212
0.0327912
0.0277802
0.0309362