-0.0087232
0.0145538
-0.0051992
0.0006778
-0.0166442
-0.0041232
0.0012148
-0.0364382
0.0042238
0.0257858
0.0005318
-0.0178782
0.0047058
-0.0086172
0.0055088
0.0104708
0.0183628
0.0166698
-0.0107892
0.0054148
-0.0084312
0.0394358
0.0048268
0.0136728
0.0168758
-0.0185892
-0.0026902
-0.0254692
0.0243218
0.0300928
0.0302338
0.0048958
-0.0151702
0.0130218
-0.0268162
-0.0072172
0.0071578
-0.0053762
0.0259858
0.0267738
-0.0027152
-0.0028752
-0.0060882
0.0412388
-0.0039342
0.0158048
-0.0249022
0.0004058
0.0061028
-0.0044812
-0.0384512
-0.0203942
-0.0048352
0.0233388
0.0169128
0.0094038
-0.0066282
-0.0040322
0.0537408
0.0197228
0.0307358
0.0102088
-0.0076832
0.0037788
0.0205908
-0.0209952
0.0116498
0.0112888
-0.0452592
0.0043008
0.0266628
0.0048928
-0.0046302
0.0522648
-0.0058262
0.0131488
0.0183618
0.0062738
0.0081078
7.08E-05
0.0001808
0.0009288
-0.0023412
-0.0006972
-0.0327922
-0.0115352
-0.0039072
0.0243788
0.0333738
0.0087238
0.0246368
0.0285608
0.0020898
-0.0162322
0.0109338
0.0148218
0.0194558
0.0333258
0.0279618
0.0071048
0.0069278
0.0155178
0.0410448
0.0414708
0.0212478
0.0531008